19991.0,18614.0,19969.0,16647.0,
18640.0,19118.0,19555.0,18341.0,17897.0,16787.0,
19268.0,18104.0,18680.0,17522.0,18636.0,18950.0,17985.0,19417.0,17792.0,16453.0,17956.0,17521.0,16859.0,16575.0,19771.0,
18016.0,16894.0,19897.0,16733.0,
17501.0,16727.0,17584.0,17441.0,18082.0,17644.0,16836.0,18338.0,19840.0,19948.0,19606.0,18321.0,19275.0,17189.0,16434.0,
16987.0,19914.0,18701.0,16671.0,16700.0,17545.0,18246.5,18948.0,19750.0,
19365.0,19971.0,19571.0,19044.0,16571.0,17770.0,19939.0,17666.0,18405.0,18674.0,
17919.0,19269.0,19586.0,17202.5,18063.0,19578.0,18978.0,17267.0,17295.0,17950.0,18691.0,16975.0,18961.0,17024.0,16885.0,18112.0,19145.0,19034.0,16955.0,19573.0,
18375.0,17942.0,16805.0,17321.0,18897.0,17419.0,18817.0,19254.0,17793.0,18511.0,19525.0,
19432.0,17416.0,19713.0,16409.0,16727.0,18141.0,18691.0,19044.5,19398.0,17696.0,16814.0,16706.0,
18281.0,19389.0,19942.0,
19681.0,16745.0,18888.0,19667.0,18003.0,18468.0,19523.0,
17249.0,17141.0,19878.0,19790.0,18438.0,18169.0,19808.0,
18824.0,19552.0,18808.0,17357.0,19694.0,
16536.0,18066.0,16545.0,
17271.0,17233.0,16824.0,16757.0,17186.0,18809.0,19082.0,16989.0,17332.0,17057.0,16755.5,16454.0,18994.0,19753.0,17457.0,17653.0,
16818.0,16895.0,19859.0,17527.0,17038.0,16471.0,
17548.0,16921.0,18851.0,16522.0,
17354.0,19723.0,16431.0,19996.0,
17452.0,19013.0,19531.0,18748.0,
18079.0,19680.0,18063.0,19014.0,18057.0,19798.0,18667.0,
16547.0,17015.0,18207.0,18664.0,17572.0,19365.0,19745.0,17328.0,19962.0,19626.0,16699.0,
18655.0,19001.0,16646.0,19832.0,18868.0,16529.0,19203.0,16990.0,19677.0,18866.0,18055.0,18986.0,19827.0,
16484.0,18800.0,18096.0,17975.0,19609.0,
19183.0,16698.0,18809.0,17750.0,19099.0,17943.0,17346.0,
16961.0,19130.0,19284.0,17426.0,17320.0,18781.0,
16552.0,19427.0,18512.0,18842.0,19790.0,19953.0,18404.0,17195.5,
17593.0,16855.0,18706.0,18839.0,18389.0,18798.0,18190.0,17646.0,
17374.0,17365.0,19283.0,19814.0,16410.0,19546.0,19591.0,19575.0,16831.0,
18527.0,18895.0,18043.0,17475.0,16442.0,19571.0,16883.0,
16847.0,18363.0,18219.0,18015.0,17811.0,19563.0,17151.0,18715.0,17176.0,19702.0,18857.0,17751.0,16781.0,16789.0,18147.0,
16963.0,16960.0,16832.0,19901.0,19983.0,18763.0,16549.0,17517.0,17989.0,
17771.0,19965.0,16990.0,
16764.0,19794.0,19912.0,18435.0,19094.0,17395.0,16758.0,19596.0,16399.0,
19986.0,19147.0,18215.0,18049.0,19200.0,
17208.0,18709.0,19790.0,19469.0,16904.0,18665.0,18950.0,18712.0,
17929.0,16917.0,18732.0,19615.0,18366.0,
16529.0,17406.0,17194.0,18034.0,19573.0,18863.0,
17589.0,19697.0,18399.0,18008.0,17224.0,17953.0,17782.0,19567.0,19700.0,
19470.0,19375.0,18180.0,17743.0,18572.0,19382.0,17238.0,17630.0,16920.0,18257.0,16768.0,18869.0,16604.0,17953.0,18734.0,
17452.0,18349.0,19913.0,19797.0,19032.0,17133.0,17240.0,19601.0,17808.0,17571.0,19018.0,19571.0,
19817.0,17931.0,18911.0,16433.0,19826.0,19181.0,
18346.0,19472.0,18693.0,18089.0,17041.0,16682.0,16661.0,18861.0,16971.0,19639.0,19668.0,18541.0,19543.0,
17872.0,16755.0,17253.0,17065.0,17042.0,19710.0,16449.0,18694.0,17060.0,
16831.0,17362.0,17073.0,19521.0,16695.0,16681.0,
17558.0,19184.0,19304.0,18624.0,18309.0,18592.0,19272.0,
19580.0,18828.0,19644.0,17082.0,18333.0,18532.0,
17213.0,19036.0,17396.0,
16534.0,18068.0,16970.0,19273.0,19166.0,16429.0,18983.0,19518.0,19003.0,18757.0,16763.0,
16905.0,19839.0,19023.0,18904.0,18658.0,16909.0,19983.0,17048.0,
18815.0,19063.0,18147.0,19060.0,19200.0,19340.0,19126.0,18652.0,18656.0,
18802.0,19597.0,19758.0,17419.0,19802.0,18363.0,16901.0,17104.0,17310.0,18659.0,
18217.0,17596.0,19896.0,19515.0,18485.0,18049.0,19314.0,18589.0,19568.0,
16400.0,17512.0,19792.0,16749.0,16964.0,17720.0,19353.0,18387.0,19151.0,18756.0,17736.0,
18171.0,18747.0,19983.0,19175.5,18368.0,17750.0,17550.0,16886.0,17854.0,19978.0,19559.0,
