710761261
-1717355918
3641726882
10771253025
3031214842
779272117
-20355725571
976928535
-12177960121
-7791636612
-2111239096
501125651
14399921658
652882567
-2440965653
6458812690
2798123619
-5870569673
10617773538
-12883509418
18377384976
5573126025
-10639410127
-3424134568
-12488408253
-6300626638
-5898993743
2138833860
13263745154
-814574496
6550027297
390613070
-470900555
12043633964
-20685793457
23677234623
6701656740
-9346725406
4889364430
1673933175
-4848159254
7171891796
-5727673620
3653077885
-4539805510
-6780489402
3064311805
111199974
-23108283900
5569099934
-4836110023
-18534647660
-21908435383
15756212988
-10412906732
-7361322982
6560731900
-5351610273
-3965206622
18994837654
